2025-05-15-15:32:30.918,sad,0.4049
2025-05-15-15:32:30.919,sad,0.6221
2025-05-15-15:32:30.981,sad,0.4082
2025-05-15-15:32:30.982,sad,0.6683
2025-05-15-15:32:31.034,sad,0.2706
2025-05-15-15:32:31.035,sad,0.6597
2025-05-15-15:32:31.090,sad,0.3147
2025-05-15-15:32:31.091,sad,0.5516
2025-05-15-15:32:31.148,neutral,0.6230
2025-05-15-15:32:31.204,sad,0.2477
2025-05-15-15:32:31.205,neutral,0.6436
2025-05-15-15:32:31.262,neutral,0.4248
2025-05-15-15:32:31.263,neutral,0.6892
2025-05-15-15:32:31.320,neutral,0.3653
2025-05-15-15:32:31.321,neutral,0.2856
2025-05-15-15:32:31.322,neutral,0.6668
2025-05-15-15:32:31.377,neutral,0.2986
2025-05-15-15:32:31.378,neutral,0.3374
2025-05-15-15:32:31.378,neutral,0.6310
2025-05-15-15:32:31.437,neutral,0.2720
2025-05-15-15:32:31.438,neutral,0.6606
2025-05-15-15:32:31.489,neutral,0.3188
2025-05-15-15:32:31.491,neutral,0.4497
2025-05-15-15:32:31.547,neutral,0.2992
2025-05-15-15:32:31.548,neutral,0.5164
2025-05-15-15:32:31.597,neutral,0.4799
2025-05-15-15:32:31.648,neutral,0.5178
2025-05-15-15:32:31.702,neutral,0.4482
2025-05-15-15:32:31.703,neutral,0.4434
2025-05-15-15:32:31.755,neutral,0.4313
2025-05-15-15:32:31.756,neutral,0.4138
2025-05-15-15:32:31.806,neutral,0.4253
2025-05-15-15:32:31.865,neutral,0.2837
2025-05-15-15:32:31.866,neutral,0.3732
2025-05-15-15:32:31.920,neutral,0.3503
2025-05-15-15:32:31.977,neutral,0.5279
2025-05-15-15:32:31.979,neutral,0.4572
2025-05-15-15:32:32.030,neutral,0.2719
2025-05-15-15:32:32.031,sad,0.3281
2025-05-15-15:32:32.084,neutral,0.3653
2025-05-15-15:32:32.146,neutral,0.3740
2025-05-15-15:32:32.146,sad,0.3908
2025-05-15-15:32:32.201,sad,0.4369
2025-05-15-15:32:32.250,sad,0.3530
2025-05-15-15:32:32.297,sad,0.4292
2025-05-15-15:32:32.351,sad,0.4431
2025-05-15-15:32:32.352,sad,0.4382
2025-05-15-15:32:32.403,sad,0.4407
2025-05-15-15:32:32.455,neutral,0.3100
2025-05-15-15:32:32.457,sad,0.5267
2025-05-15-15:32:32.457,neutral,0.3422
2025-05-15-15:32:32.510,neutral,0.4303
2025-05-15-15:32:32.511,neutral,0.3541
2025-05-15-15:32:32.567,neutral,0.5006
2025-05-15-15:32:32.569,neutral,0.4011
2025-05-15-15:32:32.623,neutral,0.3646
2025-05-15-15:32:32.672,neutral,0.3930
2025-05-15-15:32:32.673,neutral,0.4464
2025-05-15-15:32:32.724,sad,0.4975
2025-05-15-15:32:32.726,neutral,0.4016
